id    arriveTime   executionTime   executionTimeLeft   waitTime
0     0            18              0                   4060
1     0            16              0                   4044
2     0            3               0                   4041
3     0            13              0                   4028
4     0            6               0                   4022
5     0            8               0                   4014
6     0            20              0                   3994
7     0            28              0                   3966
8     0            13              0                   3953
9     0            11              0                   3942
10    0            16              0                   3926
11    0            4               0                   3922
12    0            24              0                   3898
13    0            22              0                   3876
14    0            12              0                   3864
15    0            5               0                   3859
16    0            2               0                   3857
17    0            18              0                   3839
18    0            29              0                   3810
19    0            21              0                   3789
20    0            14              0                   3775
21    0            2               0                   3773
22    0            10              0                   3763
23    0            28              0                   3735
24    0            6               0                   3729
25    0            3               0                   3726
26    0            21              0                   3705
27    0            11              0                   3694
28    0            8               0                   3686
29    0            17              0                   3669
30    0            14              0                   3655
31    0            2               0                   3653
32    0            3               0                   3650
33    0            10              0                   3640
34    0            9               0                   3631
35    0            20              0                   3611
36    0            20              0                   3591
37    0            2               0                   3589
38    0            2               0                   3587
39    0            27              0                   3560
40    0            19              0                   3541
41    0            26              0                   3515
42    0            7               0                   3508
43    0            8               0                   3500
44    0            10              0                   3490
45    0            25              0                   3465
46    0            21              0                   3444
47    0            4               0                   3440
48    0            3               0                   3437
49    0            22              0                   3415
50    0            22              0                   3393
51    0            28              0                   3365
52    0            30              0                   3335
53    0            1               0                   3334
54    0            13              0                   3321
55    0            4               0                   3317
56    0            27              0                   3290
57    0            25              0                   3265
58    0            26              0                   3239
59    0            4               0                   3235
60    0            10              0                   3225
61    0            1               0                   3224
62    0            4               0                   3220
63    0            1               0                   3219
64    0            20              0                   3199
65    0            1               0                   3198
66    0            26              0                   3172
67    0            15              0                   3157
68    0            27              0                   3130
69    0            30              0                   3100
70    0            1               0                   3099
71    0            13              0                   3086
72    0            15              0                   3071
73    0            6               0                   3065
74    0            1               0                   3064
75    0            8               0                   3056
76    0            19              0                   3037
77    0            31              0                   3006
78    0            1               0                   3005
79    0            15              0                   2990
80    0            18              0                   2972
81    0            14              0                   2958
82    0            23              0                   2935
83    0            30              0                   2905
84    0            25              0                   2880
85    0            26              0                   2854
86    0            3               0                   2851
87    0            3               0                   2848
88    0            30              0                   2818
89    0            20              0                   2798
90    0            13              0                   2785
91    0            20              0                   2765
92    0            28              0                   2737
93    0            25              0                   2712
94    0            22              0                   2690
95    0            1               0                   2689
96    0            8               0                   2681
97    0            2               0                   2679
98    0            23              0                   2656
99    0            19              0                   2637
100   0            6               0                   2631
101   0            17              0                   2614
102   0            18              0                   2596
103   0            26              0                   2570
104   0            18              0                   2552
105   0            9               0                   2543
106   0            8               0                   2535
107   0            29              0                   2506
108   0            15              0                   2491
109   0            2               0                   2489
110   0            18              0                   2471
111   0            9               0                   2462
112   0            7               0                   2455
113   0            9               0                   2446
114   0            7               0                   2439
115   0            20              0                   2419
116   0            19              0                   2400
117   0            6               0                   2394
118   0            13              0                   2381
119   0            29              0                   2352
120   0            21              0                   2331
121   0            23              0                   2308
122   0            10              0                   2298
123   0            27              0                   2271
124   0            2               0                   2269
125   0            15              0                   2254
126   0            32              0                   2222
127   0            1               0                   2221
128   0            21              0                   2200
129   0            15              0                   2185
130   0            18              0                   2167
131   0            29              0                   2138
132   0            5               0                   2133
133   0            10              0                   2123
134   0            18              0                   2105
135   0            3               0                   2102
136   0            8               0                   2094
137   0            28              0                   2066
138   0            32              0                   2034
139   0            5               0                   2029
140   0            11              0                   2018
141   0            10              0                   2008
142   0            11              0                   1997
143   0            23              0                   1974
144   0            20              0                   1954
145   0            14              0                   1940
146   0            28              0                   1912
147   0            28              0                   1884
148   0            13              0                   1871
149   0            18              0                   1853
150   0            11              0                   1842
151   0            11              0                   1831
152   0            11              0                   1820
153   0            18              0                   1802
154   0            16              0                   1786
155   0            3               0                   1783
156   0            14              0                   1769
157   0            18              0                   1751
158   0            31              0                   1720
159   0            14              0                   1706
160   0            18              0                   1688
161   0            5               0                   1683
162   0            10              0                   1673
163   0            26              0                   1647
164   0            3               0                   1644
165   0            19              0                   1625
166   0            26              0                   1599
167   0            11              0                   1588
168   0            30              0                   1558
169   0            22              0                   1536
170   0            12              0                   1524
171   0            5               0                   1519
172   0            6               0                   1513
173   0            2               0                   1511
174   0            30              0                   1481
175   0            28              0                   1453
176   0            21              0                   1432
177   0            20              0                   1412
178   0            25              0                   1387
179   0            15              0                   1372
180   0            30              0                   1342
181   0            30              0                   1312
182   0            1               0                   1311
183   0            25              0                   1286
184   0            12              0                   1274
185   0            29              0                   1245
186   0            3               0                   1242
187   0            16              0                   1226
188   0            25              0                   1201
189   0            17              0                   1184
190   0            28              0                   1156
191   0            9               0                   1147
192   0            20              0                   1127
193   0            22              0                   1105
194   0            7               0                   1098
195   0            32              0                   1066
196   0            9               0                   1057
197   0            14              0                   1043
198   0            13              0                   1030
199   0            10              0                   1020
200   0            27              0                   993
201   0            4               0                   989
202   0            20              0                   969
203   0            30              0                   939
204   0            11              0                   928
205   0            7               0                   921
206   0            12              0                   909
207   0            25              0                   884
208   0            32              0                   852
209   0            18              0                   834
210   0            32              0                   802
211   0            14              0                   788
212   0            26              0                   762
213   0            7               0                   755
214   0            31              0                   724
215   0            30              0                   694
216   0            15              0                   679
217   0            30              0                   649
218   0            25              0                   624
219   0            22              0                   602
220   0            6               0                   596
221   0            19              0                   577
222   0            20              0                   557
223   0            5               0                   552
224   0            3               0                   549
225   0            24              0                   525
226   0            28              0                   497
227   0            17              0                   480
228   0            19              0                   461
229   0            17              0                   444
230   0            21              0                   423
231   0            26              0                   397
232   0            32              0                   365
233   0            20              0                   345
234   0            5               0                   340
235   0            27              0                   313
236   0            2               0                   311
237   0            25              0                   286
238   0            29              0                   257
239   0            4               0                   253
240   0            29              0                   224
241   0            7               0                   217
242   0            10              0                   207
243   0            24              0                   183
244   0            26              0                   157
245   0            11              0                   146
246   0            14              0                   132
247   0            17              0                   115
248   0            30              0                   85
249   0            17              0                   68
250   0            4               0                   64
251   0            4               0                   60
252   0            6               0                   54
253   0            26              0                   28
254   0            14              0                   14
255   0            14              0                   0
