id    timesUsed   pageFaultAt                                               swappedOutAt
82    0           [178 288 507]                                             [179 289 509]
16    0           [128]                                                     [129]
92    0           [201 217 231 252 346 431 438 510]                         [202 218 232 253 347 432 439 511]
116   0           [180 457]                                                 [182 459]
76    0           [221 259 283 291 300 308 323 446 467]                     [223 260 284 292 301 309 324 447 468]
34    0           [295 324 484]                                             [297 325 485]
100   0           [325]                                                     [326]
14    0           [10]                                                      [255]
47    0           [27 82 218 405]                                           [29 83 219 406]
61    0           [98 130 262 348 372 406]                                  [99 131 266 349 373 407]
110   0           [398]                                                     [400]
79    0           [51 57 74 113 132]                                        [52 58 76 114 133]
50    0           [91 94 139 188 202 274 287 363 430 490]                   [92 95 140 189 205 275 288 364 431 492]
88    0           [133 273 299]                                             [134 274 300]
11    0           [505]                                                     [506]
106   0           [151]                                                     [153]
2     0           [237]                                                     [238]
112   0           [134]                                                     [136]
96    0           [131 311]                                                 [132 312]
118   0           [66 302]                                                  [68 305]
55    0           [37 156 294 321 330 407 409]                              [38 157 295 323 331 408 410]
84    0           [162 182 267 387]                                         [163 183 268 389]
86    0           [0 187 210 357 463 473]                                   [73 188 212 358 464 476]
30    0           [117 234 276 309 364 402]                                 [118 235 278 311 366 403]
26    0           [45 68 410]                                               [47 69 411]
52    0           [24 42 270 297 351 361 439 469]                           [25 43 272 299 352 362 441 471]
78    0           [30 52 101 105 112 124 242 359 425]                       [31 54 102 106 113 125 243 360 426]
94    0           [241 251 477]                                             [242 252 479]
95    0           [142 436]                                                 [143 438]
37    0           [23 90]                                                   [24 91]
40    0           [84 212]                                                  [85 213]
89    0           [123 145 328 362 377 408 480]                             [124 146 329 363 378 409 481]
43    0           [55 65 87 137 209 243 284 312 337 489]                    [57 66 89 138 210 244 285 314 339 490]
71    0           [39 58 81 111 183 255 339 385 433 481]                    [40 60 82 112 184 256 340 387 434 484]
74    0           [73 118 158 192 205 216 239 396 452 468]                  [74 119 159 193 206 217 240 397 453 469]
57    0           [148 232 314 455]                                         [149 233 318 456]
41    0           [170 199 349 447 497]                                     [171 201 350 448 498]
45    0           [171 227 269 383 426]                                     [172 228 270 384 427]
81    0           [189 219 305 329 414 432]                                 [190 220 306 330 417 433]
67    0           [150 378 391 499]                                         [151 381 392 500]
111   0           [17]                                                      [105]
42    0           [69 190 326 486]                                          [70 192 327 488]
12    0           [127]                                                     [128]
80    0           [141 153 340 368 445 459 476]                             [142 154 343 372 446 462 477]
7     0           [102]                                                     [103]
98    0           [260 375 471 500]                                         [262 377 472 501]
33    0           [44 79 89 149 165 208 289 347]                            [45 80 90 150 166 209 291 348]
29    0           [50 278 333]                                              [51 282 334]
114   0           [449]                                                     [450]
121   0           [384]                                                     [385]
83    0           [197 245 258 331 352 403]                                 [198 247 259 332 353 404]
107   0           [25]                                                      [27]
8     0           [22]                                                      [23]
66    0           [92 95 144 159 173 177 226 249]                           [93 96 145 160 174 178 227 250]
17    0           [19]                                                      [21]
102   0           [450]                                                     [451]
85    0           [166 213 248 374]                                         [167 215 249 375]
32    0           [175 247]                                                 [177 248]
97    0           [96 147 198 429 448]                                      [97 148 199 430 449]
28    0           [34]                                                      [35]
90    0           [228 282 350 393 501]                                     [229 283 351 394 502]
109   0           [114]                                                     [115]
93    0           [93 400 442]                                              [94 402 445]
99    0           [184]                                                     [185]
68    0           [32 136 186 358 389 394 462 472]                          [33 137 187 359 390 396 463 473]
51    0           [38 83 157 244 381 419 454 466]                           [39 84 158 245 383 421 455 467]
108   0           [29]                                                      [30]
19    0           [250 360]                                                 [251 361]
64    0           [60 77 120 167 320 390 479 509]                           [62 78 122 169 321 391 480 510]
22    0           [21 488]                                                  [22 489]
117   0           [272]                                                     [273]
87    0           [35 154 256 275 292 417 506]                              [36 155 258 276 293 419 507]
104   0           [286 434]                                                 [287 435]
39    0           [76 85 163 229 236 332 344]                               [77 87 165 230 237 333 346]
59    0           [115 126 233 367 453 492 496 504]                         [117 127 234 368 454 495 497 505]
103   0           [80 301]                                                  [81 302]
91    0           [108 138 206]                                             [110 139 207]
63    0           [48 54 97 194 268 307 498 502]                            [49 55 98 195 269 308 499 503]
105   0           [41]                                                      [42]
24    0           [225 293 428]                                             [226 294 429]
128   0           [464]                                                     [466]
60    0           [18 119 174 266 285 485]                                  [19 120 175 267 286 486]
48    0           [31 36 62 99 179 353 421 456]                             [32 37 63 101 180 356 423 457]
58    0           [43 63 106 125 143 306 413]                               [44 64 108 126 144 307 414]
27    0           [122 161 215]                                             [123 162 216]
21    0           [146]                                                     [147]
18    0           [40 319]                                                  [41 320]
54    0           [207 318 327 334 392 404]                                 [208 319 328 336 393 405]
23    0           [223]                                                     [225]
20    0           [366]                                                     [367]
36    0           [33 160 169 172 423 427 503]                              [34 161 170 173 425 428 504]
65    0           [129 140 185 193 230 240 336 356 435 441]                 [130 141 186 194 231 241 337 357 436 442]
56    10          [5]                                                       []
35    6           [6]                                                       []
31    3           [9]                                                       []
49    11          [16]                                                      []
73    5           [47 64 103]                                               [48 65]
38    4           [2]                                                       []
72    10          [15]                                                      []
62    1           [49 70 110 195 220 235 238 343 373 397 411 451 495 511]   [50 71 111 197 221 236 239 344 374 398 413 452 496]
75    13          [13]                                                      []
101   6           [7]                                                       []
53    8           [8]                                                       []
70    6           [78 155 253]                                              [79 156]
44    8           [3]                                                       []
46    6           [1]                                                       []
69    11          [12]                                                      []
77    12          [71]                                                      []
