id    arriveTime   executionTime   executionTimeLeft   waitTime
0     0            1               0                   0
1     0            1               0                   255
2     0            1               0                   254
3     0            1               0                   253
4     0            1               0                   252
5     0            1               0                   251
6     0            1               0                   250
7     0            1               0                   249
8     0            1               0                   248
9     0            1               0                   247
10    0            1               0                   246
11    0            1               0                   245
12    0            1               0                   244
13    0            1               0                   243
14    0            1               0                   242
15    0            1               0                   241
16    0            1               0                   240
17    0            1               0                   239
18    0            1               0                   238
19    0            1               0                   237
20    0            1               0                   236
21    0            1               0                   235
22    0            1               0                   234
23    0            1               0                   233
24    0            1               0                   232
25    0            1               0                   231
26    0            1               0                   230
27    0            1               0                   229
28    0            1               0                   228
29    0            1               0                   227
30    0            1               0                   226
31    0            1               0                   225
32    0            1               0                   224
33    0            1               0                   223
34    0            1               0                   222
35    0            1               0                   221
36    0            1               0                   220
37    0            1               0                   219
38    0            1               0                   218
39    0            1               0                   217
40    0            1               0                   216
41    0            1               0                   215
42    0            1               0                   214
43    0            1               0                   213
44    0            1               0                   212
45    0            1               0                   211
46    0            1               0                   210
47    0            1               0                   209
48    0            1               0                   208
49    0            1               0                   207
50    0            1               0                   206
51    0            1               0                   205
52    0            1               0                   204
53    0            1               0                   203
54    0            1               0                   202
55    0            1               0                   201
56    0            1               0                   200
57    0            1               0                   199
58    0            1               0                   198
59    0            1               0                   197
60    0            1               0                   196
61    0            1               0                   195
62    0            1               0                   194
63    0            1               0                   193
64    0            1               0                   192
65    0            1               0                   191
66    0            1               0                   190
67    0            1               0                   189
68    0            1               0                   188
69    0            1               0                   187
70    0            1               0                   186
71    0            1               0                   185
72    0            1               0                   184
73    0            1               0                   183
74    0            1               0                   182
75    0            1               0                   181
76    0            1               0                   180
77    0            1               0                   179
78    0            1               0                   178
79    0            1               0                   177
80    0            1               0                   176
81    0            1               0                   175
82    0            1               0                   174
83    0            1               0                   173
84    0            1               0                   172
85    0            1               0                   171
86    0            1               0                   170
87    0            1               0                   169
88    0            1               0                   168
89    0            1               0                   167
90    0            1               0                   166
91    0            1               0                   165
92    0            1               0                   164
93    0            1               0                   163
94    0            1               0                   162
95    0            1               0                   161
96    0            1               0                   160
97    0            1               0                   159
98    0            1               0                   158
99    0            1               0                   157
100   0            1               0                   156
101   0            1               0                   155
102   0            1               0                   154
103   0            1               0                   153
104   0            1               0                   152
105   0            1               0                   151
106   0            1               0                   150
107   0            1               0                   149
108   0            1               0                   148
109   0            1               0                   147
110   0            1               0                   146
111   0            1               0                   145
112   0            1               0                   144
113   0            1               0                   143
114   0            1               0                   142
115   0            1               0                   141
116   0            1               0                   140
117   0            1               0                   139
118   0            1               0                   138
119   0            1               0                   137
120   0            1               0                   136
121   0            1               0                   135
122   0            1               0                   134
123   0            1               0                   133
124   0            1               0                   132
125   0            1               0                   131
126   0            1               0                   130
127   0            1               0                   129
128   0            1               0                   128
129   0            1               0                   127
130   0            1               0                   126
131   0            1               0                   125
132   0            1               0                   124
133   0            1               0                   123
134   0            1               0                   122
135   0            1               0                   121
136   0            1               0                   120
137   0            1               0                   119
138   0            1               0                   118
139   0            1               0                   117
140   0            1               0                   116
141   0            1               0                   115
142   0            1               0                   114
143   0            1               0                   113
144   0            1               0                   112
145   0            1               0                   111
146   0            1               0                   110
147   0            1               0                   109
148   0            1               0                   108
149   0            1               0                   107
150   0            1               0                   106
151   0            1               0                   105
152   0            1               0                   104
153   0            1               0                   103
154   0            1               0                   102
155   0            1               0                   101
156   0            1               0                   100
157   0            1               0                   99
158   0            1               0                   98
159   0            1               0                   97
160   0            1               0                   96
161   0            1               0                   95
162   0            1               0                   94
163   0            1               0                   93
164   0            1               0                   92
165   0            1               0                   91
166   0            1               0                   90
167   0            1               0                   89
168   0            1               0                   88
169   0            1               0                   87
170   0            1               0                   86
171   0            1               0                   85
172   0            1               0                   84
173   0            1               0                   83
174   0            1               0                   82
175   0            1               0                   81
176   0            1               0                   80
177   0            1               0                   79
178   0            1               0                   78
179   0            1               0                   77
180   0            1               0                   76
181   0            1               0                   75
182   0            1               0                   74
183   0            1               0                   73
184   0            1               0                   72
185   0            1               0                   71
186   0            1               0                   70
187   0            1               0                   69
188   0            1               0                   68
189   0            1               0                   67
190   0            1               0                   66
191   0            1               0                   65
192   0            1               0                   64
193   0            1               0                   63
194   0            1               0                   62
195   0            1               0                   61
196   0            1               0                   60
197   0            1               0                   59
198   0            1               0                   58
199   0            1               0                   57
200   0            1               0                   56
201   0            1               0                   55
202   0            1               0                   54
203   0            1               0                   53
204   0            1               0                   52
205   0            1               0                   51
206   0            1               0                   50
207   0            1               0                   49
208   0            1               0                   48
209   0            1               0                   47
210   0            1               0                   46
211   0            1               0                   45
212   0            1               0                   44
213   0            1               0                   43
214   0            1               0                   42
215   0            1               0                   41
216   0            1               0                   40
217   0            1               0                   39
218   0            1               0                   38
219   0            1               0                   37
220   0            1               0                   36
221   0            1               0                   35
222   0            1               0                   34
223   0            1               0                   33
224   0            1               0                   32
225   0            1               0                   31
226   0            1               0                   30
227   0            1               0                   29
228   0            1               0                   28
229   0            1               0                   27
230   0            1               0                   26
231   0            1               0                   25
232   0            1               0                   24
233   0            1               0                   23
234   0            1               0                   22
235   0            1               0                   21
236   0            1               0                   20
237   0            1               0                   19
238   0            1               0                   18
239   0            1               0                   17
240   0            1               0                   16
241   0            1               0                   15
242   0            1               0                   14
243   0            1               0                   13
244   0            1               0                   12
245   0            1               0                   11
246   0            1               0                   10
247   0            1               0                   9
248   0            1               0                   8
249   0            1               0                   7
250   0            1               0                   6
251   0            1               0                   5
252   0            1               0                   4
253   0            1               0                   3
254   0            1               0                   2
255   0            1               0                   1
