id    timesUsed   pageFaultAt                                                                                    swappedOutAt
30    0           [46 338 533 627 710]                                                                           [47 339 534 628 711]
44    0           [52 86 209 363 377 476 559 635 816 917]                                                        [53 87 211 364 378 479 561 636 818 918]
81    0           [503 876]                                                                                      [504 877]
118   0           [819]                                                                                          [821]
31    0           [144 235 359 366 392 532 535 942]                                                              [146 236 360 367 394 533 536 946]
82    0           [34 68 70 74 370 384 409 522 590 734 792 802 923 1021]                                         [35 69 71 76 371 386 410 523 591 735 795 803 924 1022]
15    0           [56 345]                                                                                       [57 348]
27    0           [181 201 243 375 480 568 584 789]                                                              [182 202 245 376 481 570 585 790]
51    0           [28 57 172 219 312 408 470 565 585 645 825 829 838 1016]                                       [31 58 173 220 313 409 471 566 586 646 827 830 839 1018]
71    0           [18 38 102 260 367 391 449 460 577 600 611 800 804 830 874 879 934]                            [19 39 105 262 368 392 453 461 578 601 612 801 805 833 875 880 935]
120   0           [72]                                                                                           [73]
77    0           [140 150 410 592 723 755 785 935 993 1007]                                                     [141 151 413 594 727 756 786 937 994 1008]
11    0           [542]                                                                                          [543]
20    0           [262 541 546 918 971 1002]                                                                     [263 542 548 919 972 1003]
58    0           [88 98 212 221 286 382 587 770 856 883 897 965]                                                [90 99 213 223 288 383 590 771 859 884 898 966]
19    0           [211 668 709 870]                                                                              [212 669 710 871]
26    0           [599 951]                                                                                      [600 952]
103   0           [259 526 583 598]                                                                              [260 527 584 599]
128   0           [5]                                                                                            [207]
111   0           [525]                                                                                          [526]
40    0           [149 199 268 295 315 322 376 505 515 567 638 674 682 695 786 827 880 974 1003]                 [150 200 269 297 317 323 377 506 516 568 639 675 685 696 787 828 882 975 1005]
48    0           [73 240 386 443 523 555 751 987 1022]                                                          [74 241 387 444 525 557 752 988 1023]
91    0           [168 186 266 404]                                                                              [169 187 267 405]
110   0           [91 516]                                                                                       [93 517]
39    0           [31 90 288 307 442 626 643 803 844]                                                            [33 91 289 309 443 627 645 804 845]
56    0           [47 58 106 130 157 193 233 236 360 395 453 498 510 538 543 586 654 692 711 864 946 952 992]    [50 59 107 131 158 194 234 238 362 398 455 500 511 541 546 587 655 693 712 865 947 956 993]
45    0           [19 23 27 250 301 336 348 463 537 678 713 743 780 848 863 927 979]                             [20 24 28 251 302 337 351 464 538 680 714 747 781 849 864 928 980]
47    0           [241 276 304 424 492 520 596 621 630 636 675 707 736 884]                                      [243 279 305 425 494 522 598 622 631 637 676 709 737 885]
112   0           [256]                                                                                          [257]
109   0           [76 405 564]                                                                                   [77 407 565]
12    0           [428 938]                                                                                      [431 941]
95    0           [45 60 323 458 461 506 548 772 783 807 887]                                                    [46 61 326 459 462 507 549 773 784 811 888]
101   0           [94 364 531 949]                                                                               [95 365 532 950]
33    0           [123 165 433 459 771 821]                                                                      [124 168 434 460 772 822]
115   0           [576]                                                                                          [577]
60    0           [112 125 162 195 215 275 354 413 467 491 502 528 650 663 665 703 922 956]                      [113 127 163 196 217 276 356 414 468 492 503 529 652 664 666 704 923 957]
41    0           [100 202 208 229 283 306 309 756 777 805 837 947 975]                                          [102 203 209 230 285 307 311 757 778 806 838 949 976]
67    0           [62 190 401 407 415 434 441 468 489 495 497 536 554 669 696 731 765 787 865 885 937 960 986]   [63 192 404 408 416 435 442 469 490 496 498 537 555 674 698 732 766 788 866 886 938 961 987]
119   0           [368 984]                                                                                      [369 986]
97    0           [141 717]                                                                                      [142 720]
64    0           [21 146 171 192 255 602 628 639 688 701 729 835 854 895 899 919 931 941 970 991 996]           [22 149 172 193 256 603 630 640 689 702 730 836 855 896 902 921 934 942 971 992 997]
4     0           [113]                                                                                          [114]
55    0           [22 155 174 289 302 371 485 517 591 604 624 637 687 797 907 989 1001]                          [23 156 177 290 304 372 486 518 592 605 626 638 688 798 908 990 1002]
79    0           [61 83 184 245 271 335 383 398 440 518 605 646 660 749 891 910]                                [62 84 185 250 272 336 384 401 441 519 610 648 661 750 894 911]
24    0           [142 203 218 267 381 484 990]                                                                  [144 204 219 268 382 485 991]
37    0           [138 161 320 530 561 653 750 801 822 866 1014]                                                 [139 162 321 531 562 654 751 802 823 867 1015]
22    0           [55 445 582]                                                                                   [56 446 583]
25    0           [20 436]                                                                                       [21 437]
34    0           [97 223 752 759 902]                                                                           [98 225 754 760 905]
117   0           [439]                                                                                          [440]
63    0           [65 152 213 232 239 270 272 280 357 378 380 387 418 426 431 566 616 640 757 779]               [68 153 214 233 240 271 274 283 359 379 381 388 419 428 432 567 618 641 758 780]
68    0           [80 116 285 293 446 464 469 509 652 698 760 886 950 995 1013 1015]                             [81 119 286 295 447 467 470 510 653 701 761 887 951 996 1014 1016]
43    0           [207 257 305 372 420 444 447 558 676 715 788 806 905 908 957]                                  [208 258 306 374 423 445 448 559 678 716 789 807 906 910 960]
42    0           [42 53 197 290 297 330 362 448 553 562 705]                                                    [43 54 199 291 299 333 363 449 554 563 707]
62    0           [39 64 105 121 127 135 187 416 462 512 519 557 575 603 610 622 823 980 1009]                   [40 65 106 122 129 136 188 417 463 513 520 558 576 604 611 623 825 981 1010]
96    0           [122 131 164 189 292 855]                                                                      [123 132 165 190 293 856]
94    0           [263 766 851 867]                                                                              [266 768 852 868]
121   0           [578]                                                                                          [580]
98    0           [356 778 896]                                                                                  [357 779 897]
16    0           [483 798]                                                                                      [484 799]
90    0           [43 159 254 581 615 618 633 906 969]                                                           [44 161 255 582 616 619 635 907 970]
49    0           [24 115 220 494 513 681 741 761 812 836 847 873 1012]                                          [25 116 221 495 515 682 742 763 814 837 848 874 1013]
89    0           [59 137 291 327 479 549 818 871]                                                               [60 138 292 328 480 551 819 873]
36    0           [274 642 1018]                                                                                 [275 643 1020]
122   0           [151]                                                                                          [152]
35    0           [41 158 230 326 500]                                                                           [42 159 232 327 502]
69    0           [69 87 107 129 279 299 339 351 417 435 455 612 620 655 735 773 790 796 875 961]                [70 88 109 130 280 300 341 354 418 436 456 613 621 656 736 776 792 797 876 963]
106   0           [111 911]                                                                                      [112 912]
86    0           [35 258 269 423 496 580 631 690 732 815 921 926 981 997]                                       [36 259 270 424 497 581 632 692 734 816 922 927 982 999]
74    0           [50 124 217 313 328 474 529 534 632 689 720 730 781 849 852]                                   [51 125 218 315 330 476 530 535 633 690 723 731 782 851 853]
126   0           [185]                                                                                          [186]
32    0           [16 200 369 641 747]                                                                           [17 201 370 642 749]
104   0           [419 924]                                                                                      [420 926]
88    0           [63 180 317 374 481 486 614 728 737 739 784 845 973]                                           [64 181 319 375 482 488 615 729 738 741 785 846 974]
53    0           [37 169 173 234 300 311 321 388 482 511 594 648 758 764 834 915 963]                           [38 171 174 235 301 312 322 391 483 512 595 649 759 765 835 917 965]
13    0           [182]                                                                                          [183]
28    0           [432 619 776 782 1010]                                                                         [433 620 777 783 1011]
84    0           [17 156 214 228 337 425 456 527 601 656 659 686 702 704 846 898 1020]                          [18 157 215 229 338 426 458 528 602 658 660 687 703 705 847 899 1021]
108   0           [25]                                                                                           [27]
23    0           [93 742 799 833 861]                                                                           [94 743 800 834 862]
114   0           [649]                                                                                          [650]
9     0           [1006]                                                                                         [1007]
76    0           [36 84 99 132 379 507 716 754 859 972]                                                         [37 86 100 133 380 509 717 755 860 973]
99    0           [183 437 680]                                                                                  [184 439 681]
38    0           [95 342 490 552 769 811 868 982 1008]                                                          [96 343 491 553 770 812 870 984 1009]
102   0           [109 664 841]                                                                                  [111 665 844]
85    0           [51 119 188 319 341 613 666 693 712 714 877 999]                                               [52 121 189 320 342 614 667 694 713 715 879 1001]
100   0           [133 177 394 563 570 623 828 894]                                                              [134 180 395 564 574 624 829 895]
29    0           [225 343 853 1005]                                                                             [228 345 854 1006]
17    0           [44 471]                                                                                       [45 472]
92    0           [54 685 763 839 882 914 966]                                                                   [55 686 764 841 883 915 967]
8     0           [862]                                                                                          [863]
21    0           [96 365 595]                                                                                   [97 366 596]
87    0           [71 82 153 194 238 333 472 504 658 667 694 912 988 1011]                                       [72 83 155 195 239 335 474 505 659 668 695 914 989 1012]
70    0           [134 136 196 251 414 574 795 814 928]                                                          [135 137 197 254 415 575 796 815 931]
0     0           [139 163]                                                                                      [140 164]
2     0           [488 994]                                                                                      [489 995]
105   0           [976]                                                                                          [979]
54    15          [6]                                                                                            []
80    13          [9]                                                                                            []
65    22          [10]                                                                                           []
52    11          [12]                                                                                           []
75    19          [1]                                                                                            []
78    21          [2]                                                                                            []
93    9           [7]                                                                                            []
73    16          [8]                                                                                            []
83    17          [11]                                                                                           []
59    22          [40 77 81 204]                                                                                 [41 80 82]
66    21          [3]                                                                                            []
50    19          [4]                                                                                            []
57    15          [13]                                                                                           []
61    25          [14]                                                                                           []
46    1           [33 114 551 661 727 738 768 860 888 967 1023]                                                  [34 115 552 663 728 739 769 861 891 969]
72    17          [0]                                                                                            []
