id    arriveTime   executionTime   executionTimeLeft   waitTime
143   0            1               1                   0
77    0            1               1                   0
184   2            1               1                   0
65    2            1               1                   0
196   2            1               1                   0
236   2            1               1                   0
134   5            1               1                   0
179   5            1               1                   0
119   5            1               1                   0
218   6            1               1                   0
150   6            1               1                   0
248   7            1               1                   0
131   8            1               1                   0
251   8            1               1                   0
106   9            1               1                   0
149   9            1               1                   0
183   10           1               1                   0
132   10           1               1                   0
14    11           1               1                   0
62    11           1               1                   0
32    12           1               1                   0
185   13           1               1                   0
156   13           1               1                   0
188   14           1               1                   0
108   14           1               1                   0
45    14           1               1                   0
68    15           1               1                   0
191   15           1               1                   0
28    15           1               1                   0
15    15           1               1                   0
245   16           1               1                   0
72    17           1               1                   0
31    17           1               1                   0
40    17           1               1                   0
255   17           1               1                   0
78    18           1               1                   0
59    18           1               1                   0
25    18           1               1                   0
158   18           1               1                   0
144   18           1               1                   0
174   19           1               1                   0
173   19           1               1                   0
115   20           1               1                   0
6     20           1               1                   0
7     20           1               1                   0
89    21           1               1                   0
225   21           1               1                   0
228   22           1               1                   0
46    22           1               1                   0
55    24           1               1                   0
167   25           1               1                   0
36    25           1               1                   0
66    25           1               1                   0
42    27           1               1                   0
51    28           1               1                   0
70    28           1               1                   0
47    28           1               1                   0
180   29           1               1                   0
215   29           1               1                   0
128   29           1               1                   0
237   30           1               1                   0
205   30           1               1                   0
123   30           1               1                   0
107   30           1               1                   0
97    31           1               1                   0
64    31           1               1                   0
155   31           1               1                   0
20    32           1               1                   0
166   32           1               1                   0
151   33           1               1                   0
122   33           1               1                   0
241   33           1               1                   0
88    34           1               1                   0
103   34           1               1                   0
92    35           1               1                   0
142   35           1               1                   0
154   36           1               1                   0
189   36           1               1                   0
125   36           1               1                   0
153   37           1               1                   0
95    38           1               1                   0
165   38           1               1                   0
209   38           1               1                   0
133   39           1               1                   0
16    39           1               1                   0
34    40           1               1                   0
163   41           1               1                   0
141   41           1               1                   0
148   41           1               1                   0
197   42           1               1                   0
169   42           1               1                   0
202   42           1               1                   0
13    43           1               1                   0
93    43           1               1                   0
30    43           1               1                   0
235   43           1               1                   0
201   44           1               1                   0
82    44           1               1                   0
223   45           1               1                   0
74    45           1               1                   0
118   45           1               1                   0
239   47           1               1                   0
12    47           1               1                   0
159   48           1               1                   0
113   48           1               1                   0
26    49           1               1                   0
136   49           1               1                   0
81    49           1               1                   0
161   49           1               1                   0
208   50           1               1                   0
83    50           1               1                   0
224   50           1               1                   0
54    51           1               1                   0
117   52           1               1                   0
170   52           1               1                   0
96    53           1               1                   0
211   53           1               1                   0
231   54           1               1                   0
178   54           1               1                   0
98    54           1               1                   0
157   54           1               1                   0
199   54           1               1                   0
247   55           1               1                   0
240   56           1               1                   0
127   57           1               1                   0
87    58           1               1                   0
187   58           1               1                   0
252   59           1               1                   0
162   59           1               1                   0
48    60           1               1                   0
238   61           1               1                   0
114   61           1               1                   0
109   61           1               1                   0
101   62           1               1                   0
71    63           1               1                   0
29    63           1               1                   0
221   63           1               1                   0
111   63           1               1                   0
207   63           1               1                   0
23    65           1               1                   0
1     66           1               1                   0
139   67           1               1                   0
110   67           1               1                   0
120   68           1               1                   0
60    69           1               1                   0
168   69           1               1                   0
253   69           1               1                   0
227   70           1               1                   0
147   71           1               1                   0
73    71           1               1                   0
99    72           1               1                   0
177   72           1               1                   0
172   73           1               1                   0
220   73           1               1                   0
219   74           1               1                   0
90    75           1               1                   0
194   75           1               1                   0
61    76           1               1                   0
69    76           1               1                   0
200   76           1               1                   0
49    77           1               1                   0
138   77           1               1                   0
190   77           1               1                   0
18    79           1               1                   0
39    79           1               1                   0
17    79           1               1                   0
22    80           1               1                   0
102   80           1               1                   0
198   80           1               1                   0
129   80           1               1                   0
85    81           1               1                   0
33    82           1               1                   0
243   82           1               1                   0
2     82           1               1                   0
249   83           1               1                   0
75    83           1               1                   0
10    83           1               1                   0
175   84           1               1                   0
160   84           1               1                   0
226   85           1               1                   0
9     86           1               1                   0
112   86           1               1                   0
79    87           1               1                   0
193   87           1               1                   0
104   87           1               1                   0
145   88           1               1                   0
21    88           1               1                   0
116   88           1               1                   0
206   90           1               1                   0
44    90           1               1                   0
232   90           1               1                   0
58    90           1               1                   0
234   91           1               1                   0
181   91           1               1                   0
27    91           1               1                   0
214   91           1               1                   0
35    91           1               1                   0
100   91           1               1                   0
244   92           1               1                   0
80    93           1               1                   0
212   94           1               1                   0
126   95           1               1                   0
137   96           1               1                   0
38    96           1               1                   0
210   97           1               1                   0
171   99           1               1                   0
19    100          1               1                   0
50    100          1               1                   0
56    101          1               1                   0
135   101          1               1                   0
105   102          1               1                   0
41    102          1               1                   0
230   102          1               1                   0
124   104          1               1                   0
204   105          1               1                   0
222   105          1               1                   0
91    106          1               1                   0
176   108          1               1                   0
130   108          1               1                   0
53    110          1               1                   0
254   110          1               1                   0
195   111          1               1                   0
213   111          1               1                   0
8     111          1               1                   0
216   111          1               1                   0
86    111          1               1                   0
152   112          1               1                   0
250   112          1               1                   0
229   112          1               1                   0
5     113          1               1                   0
192   113          1               1                   0
11    114          1               1                   0
186   115          1               1                   0
84    115          1               1                   0
52    115          1               1                   0
76    115          1               1                   0
121   116          1               1                   0
43    117          1               1                   0
67    118          1               1                   0
63    118          1               1                   0
4     118          1               1                   0
164   120          1               1                   0
217   120          1               1                   0
146   121          1               1                   0
203   122          1               1                   0
37    123          1               1                   0
140   124          1               1                   0
3     125          1               1                   0
246   126          1               1                   0
182   126          1               1                   0
57    126          1               1                   0
233   126          1               1                   0
242   127          1               1                   0
0     127          1               1                   0
24    127          1               1                   0
94    128          1               1                   0
