id    arriveTime   executionTime   executionTimeLeft   waitTime
236   0            14              0                   0
134   1            24              0                   3978
223   1            30              0                   3948
69    1            28              0                   3920
248   2            31              0                   3888
15    2            9               0                   3879
106   2            13              0                   3866
165   3            30              0                   3835
219   4            23              0                   3811
109   4            9               0                   3802
194   4            31              0                   3771
92    5            12              0                   3758
166   6            3               0                   3754
199   7            16              0                   3737
13    7            5               0                   3732
53    7            10              0                   3722
14    9            16              0                   3704
201   9            13              0                   3691
149   9            7               0                   3684
3     9            22              0                   3662
39    10           10              0                   3651
54    10           15              0                   3636
163   10           26              0                   3610
91    11           24              0                   3585
220   11           1               0                   3584
227   13           27              0                   3555
184   14           8               0                   3546
119   14           23              0                   3523
177   14           20              0                   0
212   15           30              0                   3492
179   15           9               0                   3483
181   15           9               0                   3474
197   16           20              0                   3453
252   16           19              0                   3434
162   17           11              0                   3422
74    18           17              0                   3404
214   18           24              0                   3380
42    19           30              0                   3349
52    20           11              0                   3337
32    21           17              0                   3319
169   21           4               0                   3315
161   22           19              0                   3295
233   23           4               0                   3290
95    24           8               0                   3281
235   25           6               0                   3274
122   26           29              0                   3244
11    26           23              0                   3221
229   26           1               0                   3220
135   26           9               0                   3211
157   26           6               0                   3205
86    27           11              0                   3193
160   28           5               0                   3187
101   29           17              0                   3169
180   30           29              0                   3139
230   31           17              0                   3121
118   31           4               0                   3117
25    31           6               0                   3111
255   31           13              0                   3098
23    31           26              0                   3072
182   31           28              0                   3044
97    31           13              0                   3031
237   31           30              0                   3001
190   33           21              0                   2978
22    34           20              0                   2957
196   34           14              0                   0
112   35           21              0                   2935
243   35           25              0                   2910
167   35           8               0                   2902
216   35           4               0                   2898
145   35           15              0                   2883
33    36           1               0                   2881
253   36           4               0                   2877
200   36           9               0                   2868
81    38           14              0                   2852
40    38           3               0                   2849
128   38           23              0                   2826
222   39           24              0                   2801
164   39           32              0                   2769
176   40           18              0                   2750
171   40           4               0                   2746
117   40           27              0                   2719
115   42           22              0                   2695
209   42           13              0                   2682
127   43           7               0                   2674
99    44           11              0                   2662
48    44           24              0                   2638
210   44           6               0                   2632
218   45           15              0                   2616
156   45           1               0                   2615
221   46           5               0                   2609
78    47           6               0                   2602
241   47           9               0                   1
138   49           24              0                   2576
68    49           4               0                   2572
84    50           22              0                   2549
215   50           24              0                   2525
224   50           7               0                   2518
151   52           4               0                   2512
205   52           7               0                   2505
12    52           31              0                   2474
24    52           6               0                   2468
242   52           29              0                   2439
27    53           28              0                   2410
50    54           20              0                   2389
31    54           11              0                   2378
93    54           12              0                   2366
137   54           32              0                   2334
217   54           6               0                   2328
240   55           32              0                   2295
80    55           19              0                   2276
178   56           8               0                   2267
142   56           23              0                   2244
174   56           21              0                   2223
2     57           14              0                   2208
203   57           3               0                   0
213   58           28              0                   2179
9     58           6               0                   2173
148   58           6               0                   2167
158   58           29              0                   2138
189   58           23              0                   2115
18    59           1               0                   2113
204   60           27              0                   0
187   61           9               0                   2102
206   61           27              0                   2075
55    62           30              0                   2044
102   63           32              0                   2011
85    64           5               0                   2005
65    64           12              0                   1993
228   65           32              0                   1960
111   65           2               0                   1958
246   66           29              0                   1928
130   67           12              0                   1915
191   68           15              0                   1899
47    69           26              0                   1872
250   70           6               0                   1865
249   71           20              0                   1844
83    71           31              0                   1813
150   72           5               0                   1807
49    72           29              0                   1778
94    73           10              0                   1767
254   73           7               0                   1760
152   73           27              0                   1733
16    74           30              0                   1702
104   74           28              0                   1674
71    75           8               0                   1665
114   75           32              0                   1633
64    76           7               0                   1625
107   76           22              0                   1603
153   76           14              0                   1589
132   77           18              0                   1570
116   77           25              0                   1545
143   78           23              0                   1521
131   78           9               0                   1512
211   79           25              0                   1486
21    79           5               0                   1481
123   79           7               0                   1474
103   79           16              0                   1458
183   80           14              0                   1443
58    80           17              0                   1426
75    81           25              0                   1400
34    81           26              0                   1374
51    81           23              0                   1351
67    81           30              0                   1321
46    81           21              0                   1300
141   82           19              0                   1280
0     82           27              0                   1253
87    82           24              0                   1229
1     82           8               0                   1221
125   83           4               0                   1216
90    83           8               0                   1208
98    83           6               0                   1202
129   83           23              0                   1179
172   83           4               0                   1175
113   84           29              0                   1145
208   84           16              0                   1129
66    85           7               0                   1121
126   86           16              0                   1
147   89           27              0                   1090
61    90           25              0                   1064
175   91           4               0                   1059
207   91           18              0                   1041
192   91           1               0                   1040
5     92           2               0                   1037
37    93           25              0                   1011
124   94           11              0                   999
202   95           22              0                   976
232   95           7               0                   969
120   96           5               0                   963
45    96           29              0                   934
193   96           6               0                   928
159   97           6               0                   921
234   98           4               0                   916
7     98           7               0                   909
56    98           9               0                   900
108   98           10              0                   890
82    98           18              0                   872
79    98           31              0                   841
239   99           4               0                   836
244   100          21              0                   814
226   100          3               0                   811
38    101          17              0                   793
29    101          4               0                   789
72    102          29              0                   759
41    102          18              0                   741
17    102          3               0                   738
144   102          17              0                   721
57    103          9               0                   0
35    104          25              0                   694
231   104          31              0                   663
247   104          16              0                   647
133   105          15              0                   631
28    107          2               0                   627
173   107          23              0                   604
10    109          1               0                   601
26    110          27              0                   573
96    110          24              0                   549
245   110          18              0                   531
110   110          32              0                   499
44    111          21              0                   477
63    111          2               0                   475
60    111          30              0                   445
185   112          6               0                   438
19    112          8               0                   0
136   113          8               0                   429
89    113          21              0                   408
70    113          8               0                   400
251   114          14              0                   385
36    114          26              0                   359
105   115          1               0                   357
170   115          5               0                   352
154   116          18              0                   333
59    116          14              0                   319
195   116          1               0                   318
77    117          22              0                   295
186   117          26              0                   269
8     117          16              0                   253
146   118          19              0                   233
4     119          32              0                   200
121   119          26              0                   174
168   119          5               0                   169
225   120          18              0                   0
139   121          5               0                   162
238   122          9               0                   152
155   122          6               0                   146
88    122          8               0                   138
100   123          7               0                   130
73    123          2               0                   128
43    123          31              0                   97
6     123          1               0                   96
30    123          8               0                   88
188   126          9               0                   76
76    126          11              0                   65
198   126          14              0                   51
20    127          12              0                   38
140   127          2               0                   36
62    128          25              0                   10
