id    timesUsed   pageFaultAt                             swappedOutAt
97    5           [96 147 198 429 448]                    [98 148 199 431 449]
102   1           [450]                                   [453]
18    2           [40 319]                                [41 320]
20    1           [366]                                   [367]
59    8           [115 126 233 367 453 492 496 504]       [116 127 234 368 454 493 497 505]
42    4           [69 190 326 486]                        [70 191 327 487]
101   6           [7 59 152 191 279 418]                  [43 87 153 192 280 419]
88    3           [133 273 299]                           [134 274 300]
116   2           [180 457]                               [181 459]
108   1           [29]                                    [30]
55    7           [37 156 294 321 330 407 409]            [38 157 295 323 331 408 410]
104   2           [286 434]                               [288 436]
90    5           [228 282 350 393 501]                   [229 283 351 394 502]
68    8           [32 136 186 358 389 394 462 472]        [33 138 187 360 390 398 463 473]
21    1           [146]                                   [147]
58    7           [43 63 106 306 413]                     [44 90 275 316 414]
63    8           [48 54 194 268 307 498 502]             [49 160 195 269 345 499 503]
12    1           [127]                                   [128]
96    2           [131 311]                               [133 313]
99    1           [184]                                   [185]
57    4           [148 232 314 455]                       [150 233 315 456]
100   1           [325]                                   [326]
34    3           [295 324 484]                           [296 325 485]
52    8           [24 42 270 297 351 361 439 469]         [25 106 272 299 352 362 442 471]
80    8           [141 153 340 368 445 459 476]           [142 154 344 371 446 461 477]
83    6           [197 245 258 331 352 403]               [198 246 259 332 353 404]
121   1           [384]                                   [386]
38    4           [2 88 399 493]                          [59 89 400 494]
67    4           [150 378 391 499]                       [151 379 392 500]
22    2           [21 488]                                [22 492]
40    2           [84 212]                                [85 213]
93    3           [93 400 442]                            [94 401 443]
64    8           [60 77 120 167 320 390 479 509]         [63 78 122 203 321 391 480 510]
48    8           [31 36 353 421 456]                     [32 282 354 422 457]
105   1           [41]                                    [42]
31    3           [9 280 303]                             [58 281 304]
41    5           [170 199 349 447 497]                   [171 201 350 448 498]
70    8           [78 155 253 365 371 482 494]            [79 156 255 366 372 484 496]
7     1           [102]                                   [103]
35    6           [6 386 415 478]                         [174 387 416 479]
111   1           [17]                                    [55]
95    2           [142 436]                               [144 437]
128   1           [464]                                   [466]
45    5           [171 227 269 383 426]                   [172 228 270 384 427]
32    2           [175 247]                               [178 248]
28    1           [34]                                    [35]
98    4           [260 375 471 500]                       [262 377 472 501]
87    7           [35 154 256 275 292 417 506]            [36 155 258 276 293 418 507]
117   1           [272]                                   [273]
26    3           [45 68 410]                             [47 69 413]
29    3           [50 278 333]                            [51 279 334]
23    1           [223]                                   [224]
11    1           [505]                                   [506]
86    6           [0 187 210 357 463 473]                 [54 188 211 358 464 474]
30    6           [117 234 276 309 364 402]               [118 236 278 310 365 403]
103   2           [80 301]                                [82 302]
79    5           [51 57]                                 [52 308]
47    4           [27 82 218 405]                         [29 83 219 406]
118   2           [66 302]                                [68 303]
109   1           [114]                                   [115]
27    3           [122 161 215]                           [123 162 217]
89    7           [123 145 328 362 377 408 480]           [126 146 329 364 378 409 482]
37    2           [23 90]                                 [24 91]
60    6           [18 119 174 266 285 485]                [19 120 175 267 286 486]
17    1           [19]                                    [21]
14    1           [10]                                    [37]
81    6           [189 219 305 329 414 432]               [190 220 306 330 415 434]
39    7           [76 85 163 229 236 332 344]             [77 86 166 230 237 333 421]
16    1           [128]                                   [129]
106   1           [151]                                   [152]
36    7           [33 160 169 172 423 427 503]            [34 161 170 221 426 428 504]
8     1           [22]                                    [23]
19    2           [250 360]                               [251 361]
91    3           [108 138 206]                           [109 139 207]
94    3           [241 251 477]                           [243 252 478]
44    8           [3 281 474 508]                         [256 324 476 509]
66    8           [92 95 144 159]                         [93 96 145 488]
2     1           [237]                                   [240]
73    7           [47 64 103 380 416]                     [48 88 307 381 417]
112   1           [134]                                   [135]
54    6           [207 318 327 334 392 404]               [210 319 328 335 393 405]
82    3           [178 288 507]                           [180 290 508]
110   1           [398]                                   [399]
51    8           [38 83 157 244 381 419 454 466]         [39 84 158 245 382 420 455 467]
24    3           [225 293 428]                           [227 294 429]
84    4           [162 182 267 387]                       [163 184 268 389]
85    4           [166 213 248 374]                       [167 214 250 375]
107   1           [25]                                    [27]
61    6           [98 130 262 348 372 406]                [100 131 264 349 374 407]
114   1           [449]                                   [450]
46    6           [1 379 422 437]                         [169 380 423 438]
53    8           [8 100 135 181 310 313 315]             [60 102 136 206 311 314 469]
72    10          [15 109 203 211 304 316 345 443]        [64 110 205 212 305 318 346]
56    10          [5 264 354 382 461 487]                 [182 266 357 383 462]
74    10          [73 118 158 192 205]                    [75 119 159 193]
43    11          [55 65 87 243]                          [57 66 241]
50    10          [91 94 139 188 202 274]                 [92 95 140 189 244]
76    9           [221 259 283 291 300 308 323 446 467]   [222 260 285 292 301 309 445 447]
49    11          [16 224 290 296 335 401 420]            [108 225 291 297 340 402]
77    12          [71 116 214 222 246]                    [73 117 215 223]
75    13          [13 75 86]                              [65 76]
78    9           [30 52]                                 [31]
33    8           [44 79 89]                              [45 80]
65    10          [129 140 185 193 230 240]               [130 141 186 194 231]
69    11          [12]                                    []
71    10          [39 58 255]                             [40 247]
92    8           [201 217 231 252 346 431 438 510]       [202 218 232 253 348 432 439]
62    14          [49 70 110 195 220]                     [50 71 114 197]
